740599
652722
735667
458616
267182
197729
236578
616270
168315
988763
460399
412390
72710
574371
666119
738579
290665
79800
451564
664941
344514
16940
66379
937879
924888
337862
158353
946996
673961
364331
691491
839097
603196
237178
963699
878553
673076
16830
825728
264146
425075
838832
787787
194425
773190
527175
227678
511667
374003
241727
757335
218461
744988
20231
232710
403263
649511
861797
626273
256923
207824
835894
164424
509456
83097
176848
881766
222289
957918
87955
720052
721925
234218
335119
380882
657957
278010
145558
737067
641920
235995
393132
479506
476042
344788
160581
48332
190380
495167
690315
658675
485128
655252
773179
520797
232317
248633
333278
591677
684979