747722
95684
355592
732815
445904
166800
452029
642288
556391
993993
888416
438446
262848
436418
365210
929508
140613
567479
548282
161002
257773
836132
244988
771518
908700
558791
894628
264465
427302
667676
3600
42098
52686
654489
76927
833670
330929
51175
479978
866979
589338
778096
751784
673205
21010
790677
21974
658210
959665
563806
938326
11832
522533
834813
525442
84379
808079
331401
106643
168952
783451
930855
295172
525149
221279
856957
399431
496007
738404
929773
783150
333008
131238
783635
148209
613831
178658
444
345738
75494
692049
404003
810688
983083
37529
559063
716235
297777
791275
245525
594845
365414
261282
358712
40951
614605
687759
968426
549753
424297
233487
718965
8123
292374
299446
803104
432597
372193
101389
887963
438267
574534
282858
7549
776314
418000
571707
106199
561736
425877
571285
216810
851885
991124
144703
382485
269394
334188
689790
990428
350509
569492
714431
836710
392064
571960
963828
704315
300912
769262
576985
126997
804062
956340
882523
203891
204272
635521
555454
564181
270928
220487
43114
798415
879394
204544
760763
89521
725414
449152
436104
999561
503361
788099
128170
612780
893191
501552
384788
105098
206805
997803
788556
471687
361233
3274
415693
852141
476752
22320
845277
566645
527403
844931
460883
154584
219156
639582
100761
393781
934909
896619
775605
835270
861064
105342
130681
487989
985810
593514
301752
194210
477576
428964
392669
749891
319019
545420
547998
910773
280138
842407
948084
946043
622138
645445
651732
76069
273906
326702
597328
249143
585850
705010
649434
37174
400618
471442
128630
443174
824197
850213
810493
891435
442683
64399
229649
638256
152913
430041
976614
980759
56570
126972
271075
648254
98199
683805
488894
589731
2767
436794
107599
147904
589387
72456
146567
426285
560562
365579
707184
509103
131772
276605
479840
498445
768541
40819
825694
867984
99840
127538
371385
354608
244161
23246
79206
734911
162720
737857
303141
907053
302101
689878
951323
141019
640555
505479
141303
501595
317892
138865
450798
270890
977032
845947
134964
132948
559659
110828
518502
883492
472080
233990
912589
724293
511726
909351
325993
197441
12324
194862
477280
475101
719071
22423
459957
415443
496809
9425
15547
72792
968200
749572
372676
258496
761676
835273
95437
329465
922727
262842
610679
832137
286376
889976
849764
256060
100470
137646
508294
749471
449896
336326
475210
855989
894929
794184
616974
674809
537290
20263
225853
394896
159501
168598
895828
502901
561080
386080
189332
338004
732285
230922
234817
542425
295368
404848
289342
389192
79911
671320
890147
732924
389691
835506
255848
8263
925521
542300
550783
979075
793423
903335
364238
896948
37095
8136
215431
38964
997439
913696
197938
80350
866308
949702
428733
156626
403555
69199
740263
984437
724473
825533
42295
150306
336213
185309
797292
423233
981630
261123
125794
212319
764620
667535
446422
391955
53876
187101
595896
804592
654545
150024
397403
399727
376499
542885
619594
67044
951877
212441
722240
555429
926136
203773
751495
901650
506308
602198
639828
191844
873276
54898
606333
107356
716639
791856
450310
564324
211530
518384
558252
848955
773309
771371
150735
224720
961414
259631
693406
773810
752387
960663
225754
913982
268311
439738
930551
960024
523749
678495
413660
710954
437313
189880
645614
67478
87519
908302
705149
716745
997816
248930
355983
547182
374171
391522
684361
702875
710739
206902
523020
764614
233368
663908
648441
969444
117775
311645
671810
114735
275496
842326
682171
51455
947623
257708
227654
852832
151063
314184
662821
368312
749657
420472
502625
382660
282268
930972
647595
646552
979280
865381
830274
673685
755909
868839
832252
145346
539867
875526
518709
598987
345832
724528
134268
191447
17038
805564
485088
522888
364565
879294
199230
174256
50760
676118
50754
762105
219521
58470
208363
421091
441149
950507
404615
356764
565350
303090
322105
536018
661462
457337
274481
138465
252011
755496
172898
664065
29097
844047
954912
681288
821830
634084
405910
607601
202264
743771
352804
292603
403231
143881
549652
417644
850441
374705
747576
586342
357946
867910
255492
459857
437936
670587
442723
287866
275633
933905
567656
174820
689743
912857
727577
501344
852922
445407
492815
943342
69225
957391
108198
402095
307509
283619
936741
915900
818999
151701
877424
756157
292388
674159
428971
629942
617744
50288
109957
157244
47209
835865
630818
712389
943382
490579
5613
918994
874562
809894
982821
570522
726713
752891
484881
907301
99683
881862
945223
184307
825960
544427
912038
554323
938423
980717
809425
488609
484361
67867
19448
74819
747774
170933
963974
911861
274856
567091
882319
741391
161910
888294
894153
928350
665141
202114
99799
73040
339816
709535
354537
846376
166483
409485
610357
218397
550278
222111
820220
827136
263934
178748
976493
442467
364155
272220
55
484936
775448
244335
439545
487010
878313
515719
584175
927020
183194
363200
452557
315132
653386
841760
41440
284947
977880
660736
556758
295958
847508
881260
340424
539335
389210
957297
29837
105990
330633
298984
382972
201989
286083
998921
943804
642216
454305
135843
295767
237431
299500
888625
33607
302837
645978
606923
784838
876258
173708
99487
312757
549384
433627
909948
745582
13212
566588
961089
900174
130304
661867
103960
855286
496881
152056
972630
646882
458125
688338
190176
616030
990767
386344
518004
152697
21073
499797
753229
679612
705838
161748
440480
657083
287960
55180
173428
819056
912491
845049
798979
62541
667364
364453
548195
746895
589909
235277
701471
488105
504145
88216
728692
442721
268473
657695
358220
523032
75987
513804
578803
412062
212075
916118
448163
680529
219707
779758
930831
223842
953879
14529
134261
313312
593660
486903
41717
877338
861266
265361
178668
866761
906984
945364
315680
613958
446972
655666
938150
319699
899568
242567
97768
169856
835874
1758
742992
748557
989015
743803
441514
133281
266011
146787
197376
89774
419821
670092
354265
890975
166879
382851
10183
222569
349374
334099
576939
92847
940521
155020
59994
978480
652302
281501
580801
43364
50904
504960
615202
844015
573603
472769
35131
743880
106854
48016
939520
668961
627779
452741
181303
585794
545799
212312
472483
424988
427118
987081
555420
278455
180295
679643
651616
237325
742378
391458
603713
246214
121396
159209
369640
580562
928456
613764
378670
124072
216704
675711
306040
851990
244841
548237
633561
391008
736882
133034
58845
30552
330919
879073
626195
724547
320156
121494
217766
185442
666947
162822
898643
177577
857800
841988
364104
466633
58406
914834
144936
466449
195065
970702
502249
525818
170172
317485
967629
591109
277730
54695
132462
315023
258969
906971
740673
757860
896666
574217
724790
636186
979692
790383
637957
128971
812055
446388
657472
602289
589782
938089
751558
533987
843350
751777
684029
806940
636411
700900
289158
866847
701443
31178
736236
506568
251118
337370
282221
284662
584289
870559
468699
861421
569107
840595
289993